/*--------------------------------*- C++ -*----------------------------------*\
| =========                 |                                                 |
| \\      /  F ield         | OpenFOAM: The Open Source CFD Toolbox           |
|  \\    /   O peration     | Version:                                        |
|   \\  /    A nd           | Website:  www.openfoam.com                      |
|    \\/     M anipulation  |                                                 |
\*---------------------------------------------------------------------------*/
FoamFile
{
    version     2.0;
    format      ascii;
    class       faceList;
    location    "constant/polyMesh";
    object      faces;
}
// * * * * * * * * * * * * * * * * * * * * * * * * * * * * * * * * * * * * * //

2013
(
4(2 4 5 3)
4(4 0 1 5)
3(1 3 5)
4(2 6 7 3)
3(3 7 5)
4(6 4 5 7)
3(1 11 5)
4(1 5 10 8)
3(8 10 9)
4(5 11 9 10)
4(11 1 8 9)
4(4 12 11 5)
4(12 0 1 11)
3(5 14 11)
4(4 13 14 5)
4(13 12 11 14)
4(3 5 10 15)
3(8 15 10)
3(9 16 10)
3(8 16 9)
3(16 8 10)
4(2 17 18 3)
3(3 18 7)
4(17 6 7 18)
3(10 19 9)
4(14 11 9 19)
4(5 14 19 10)
3(15 20 10)
4(3 7 20 15)
4(7 5 10 20)
4(6 13 14 7)
3(5 7 14)
3(10 19 16)
3(19 9 16)
3(1 21 11)
4(21 1 8 16)
4(11 21 16 9)
3(11 23 14)
3(9 19 22)
4(9 22 23 11)
4(22 19 14 23)
4(24 0 1 21)
4(12 24 21 11)
4(23 14 13 25)
4(11 23 25 12)
3(14 27 23)
4(13 26 27 14)
4(26 25 23 27)
3(3 29 18)
4(28 17 18 29)
3(8 30 10)
3(10 30 15)
3(10 15 31)
3(15 20 31)
3(20 10 31)
3(16 8 32)
3(8 10 32)
3(10 16 32)
4(3 18 33 15)
3(15 33 20)
4(18 7 20 33)
4(17 34 35 18)
4(34 6 7 35)
3(7 18 35)
3(36 37 38)
4(36 38 41 40)
3(40 41 39)
4(38 37 39 41)
4(42 13 14 43)
4(6 42 43 7)
3(7 43 14)
3(10 20 19)
4(7 14 19 20)
3(10 20 16)
3(16 20 19)
3(9 16 22)
3(16 19 22)
3(1 44 21)
4(21 44 32 16)
3(11 21 23)
4(16 22 23 21)
3(15 45 33)
4(29 18 33 45)
4(48 41 46 47)
4(50 48 47 49)
4(41 50 49 46)
3(41 48 50)
4(27 23 22 51)
3(19 51 22)
4(14 27 51 19)
4(42 26 27 43)
3(14 43 27)
3(23 53 27)
3(22 51 52)
4(22 52 53 23)
4(52 51 27 53)
4(54 26 27 53)
4(47 54 53 48)
4(26 47 48 27)
3(27 48 53)
3(41 48 53)
4(52 38 41 53)
4(38 55 48 41)
4(55 52 53 48)
3(38 52 55)
3(37 38 56)
3(38 36 56)
3(40 50 41)
4(57 38 41 50)
4(36 57 50 40)
3(36 38 57)
4(24 58 44 21)
4(21 23 25 24)
4(23 53 54 25)
4(53 41 46 54)
4(40 41 46 60)
4(41 39 59 46)
4(61 17 18 62)
3(18 29 62)
4(28 61 62 29)
4(47 63 64 48)
3(48 64 50)
4(63 49 50 64)
4(40 50 49 60)
3(10 32 30)
4(17 65 66 18)
4(65 34 35 66)
3(18 66 35)
3(15 67 33)
3(33 67 45)
3(31 10 30)
3(15 31 30)
3(31 15 33)
3(20 31 33)
3(10 31 16)
3(16 31 20)
3(32 10 31)
3(16 32 31)
4(34 42 43 35)
3(7 35 43)
4(18 35 68 33)
3(20 33 68)
4(35 7 20 68)
3(37 52 38)
3(39 41 53)
4(52 37 39 53)
3(38 69 52)
3(37 69 38)
3(69 37 52)
4(43 14 19 70)
4(7 43 70 20)
3(20 70 19)
3(19 22 71)
3(22 16 71)
3(16 19 71)
3(72 16 20)
3(19 72 20)
3(16 72 19)
3(71 19 51)
3(22 71 51)
3(52 22 69)
3(51 52 69)
3(22 51 69)
3(21 44 74)
3(16 73 32)
4(32 73 74 44)
4(73 16 21 74)
3(21 75 23)
4(16 71 75 21)
4(71 22 23 75)
3(23 76 53)
4(69 52 53 76)
4(22 69 76 23)
4(61 65 66 62)
3(18 62 66)
4(29 62 77 45)
3(33 45 77)
4(62 18 33 77)
3(45 67 77)
3(78 45 77)
3(67 78 77)
3(45 67 79)
3(77 45 79)
3(67 77 79)
3(29 62 80)
4(80 62 77 78)
4(57 55 48 50)
3(38 55 57)
4(81 42 43 82)
4(34 81 82 35)
3(35 82 43)
4(81 26 27 82)
3(27 43 82)
3(19 70 51)
4(43 27 51 70)
4(81 47 48 82)
3(27 82 48)
3(51 55 52)
4(27 48 55 51)
3(52 55 69)
3(55 38 69)
3(69 51 55)
3(38 56 69)
3(56 37 69)
4(63 81 82 64)
4(83 63 64 84)
4(81 83 84 82)
3(64 82 84)
3(48 82 64)
4(48 64 85 55)
3(55 85 57)
4(64 50 57 85)
3(40 87 50)
3(36 57 86)
4(86 57 50 87)
3(38 57 56)
3(57 36 56)
4(44 74 88 58)
4(74 21 24 88)
4(21 75 89 24)
4(75 23 25 89)
4(23 76 90 25)
4(76 53 54 90)
4(53 39 59 54)
4(91 61 62 80)
4(92 65 66 93)
3(62 93 66)
4(61 92 93 62)
4(83 94 95 84)
3(64 84 95)
4(94 63 64 95)
3(50 64 97)
4(63 96 97 64)
4(96 49 50 97)
4(87 50 49 98)
3(30 31 32)
4(34 83 84 35)
3(35 84 82)
4(65 83 84 66)
3(35 66 84)
4(18 66 99 33)
3(33 99 68)
4(66 35 68 99)
4(100 65 66 101)
4(92 100 101 93)
3(66 93 101)
4(100 83 84 101)
3(66 101 84)
3(15 67 31)
3(31 67 33)
3(33 79 45)
3(79 33 67)
3(30 67 31)
3(31 33 68)
3(20 31 68)
3(20 72 31)
3(72 16 31)
3(31 73 32)
3(16 73 31)
4(35 43 70 68)
3(20 68 70)
3(39 53 76)
4(69 37 39 76)
3(20 70 72)
3(70 19 72)
3(71 19 70)
3(51 71 70)
3(19 71 72)
3(71 16 72)
3(69 22 71)
3(51 69 71)
3(44 103 74)
3(32 73 102)
4(102 73 74 103)
3(21 74 75)
3(16 71 73)
4(73 71 75 74)
3(23 75 76)
4(71 69 76 75)
3(77 33 79)
4(62 66 99 77)
3(33 77 99)
4(62 93 104 77)
4(93 66 99 104)
3(77 104 99)
3(31 99 33)
3(31 33 79)
3(33 99 79)
3(99 31 79)
3(68 31 99)
3(67 105 77)
3(77 105 78)
3(77 79 105)
3(79 67 105)
4(100 94 95 101)
3(84 101 95)
4(107 62 77 106)
3(62 107 80)
3(77 78 106)
4(80 107 106 78)
3(62 93 107)
3(77 106 104)
4(107 93 104 106)
3(93 101 110)
4(101 93 104 109)
4(93 110 108 104)
3(104 108 109)
4(110 101 109 108)
3(38 55 56)
3(55 57 56)
4(82 43 70 111)
4(35 82 111 68)
3(68 111 70)
4(82 27 51 111)
3(51 70 111)
4(82 48 55 111)
3(51 111 55)
3(55 56 69)
3(69 51 112)
3(51 55 112)
3(55 69 112)
3(113 37 69)
3(56 113 69)
4(64 82 111 85)
4(84 64 85 114)
4(82 84 114 111)
3(85 111 114)
3(55 111 85)
4(95 64 85 115)
4(84 95 115 114)
3(85 114 115)
4(97 64 85 116)
3(64 97 95)
4(95 97 116 115)
3(85 115 116)
3(55 117 57)
3(117 55 85)
3(57 117 85)
4(97 50 57 116)
3(57 85 116)
3(36 57 118)
3(57 86 118)
3(50 87 97)
3(57 116 86)
4(97 87 86 116)
3(56 57 118)
4(103 74 88 119)
4(74 75 89 88)
4(75 76 90 89)
4(76 39 59 90)
4(120 61 62 107)
4(91 120 107 80)
4(120 92 93 107)
4(92 121 110 93)
4(121 100 101 110)
4(94 96 97 95)
4(96 98 87 97)
3(31 32 122)
3(30 31 122)
3(32 122 73)
3(122 31 73)
3(73 102 122)
4(35 84 114 68)
3(68 114 111)
4(66 84 114 99)
3(68 99 114)
4(101 66 99 109)
3(99 104 109)
4(101 84 114 109)
3(99 109 114)
3(79 31 67)
3(30 123 31)
3(31 123 67)
3(68 20 72)
3(31 68 72)
3(72 16 73)
3(31 72 73)
3(68 70 72)
3(39 76 124)
4(69 113 124 76)
3(70 71 72)
3(112 51 71)
3(51 112 70)
3(70 112 71)
3(71 73 72)
3(69 71 112)
3(74 103 126)
3(73 125 102)
4(102 125 126 103)
4(125 73 74 126)
3(75 74 128)
3(71 127 73)
4(73 127 128 74)
4(127 71 75 128)
3(76 75 130)
4(129 69 76 130)
3(69 129 71)
4(71 129 130 75)
3(131 77 104)
3(99 131 104)
3(77 131 99)
3(77 99 79)
3(31 79 68)
3(68 79 99)
3(67 79 132)
3(67 123 79)
3(79 123 132)
3(78 106 105)
3(106 77 105)
3(131 77 106)
3(104 131 106)
3(133 78 106)
3(105 133 106)
3(77 79 131)
3(105 77 131)
3(79 105 131)
3(79 132 105)
4(100 134 135 101)
4(134 94 95 135)
3(95 101 135)
3(114 109 115)
4(101 95 115 109)
3(80 107 136)
4(106 133 136 107)
3(104 106 108)
3(93 110 107)
4(107 110 108 106)
3(104 106 137)
3(106 108 137)
3(108 104 137)
3(109 104 131)
3(108 109 131)
3(104 108 131)
3(101 135 110)
4(135 101 109 138)
3(109 108 138)
4(110 135 138 108)
3(95 97 140)
3(115 139 116)
4(95 140 139 115)
4(140 97 116 139)
3(56 117 57)
3(55 117 56)
3(141 68 111)
3(68 141 70)
3(70 141 111)
3(111 51 112)
3(70 111 112)
3(55 112 111)
3(55 56 112)
3(56 69 112)
3(69 129 113)
3(56 129 69)
3(129 56 113)
3(117 55 111)
3(85 117 111)
3(114 85 141)
3(111 114 141)
3(85 111 141)
3(114 115 141)
3(115 85 141)
3(115 116 142)
3(85 115 142)
3(116 85 142)
3(116 57 117)
3(85 116 117)
3(118 57 116)
3(86 118 116)
3(87 144 97)
4(143 116 97 144)
3(86 116 143)
3(57 118 117)
3(118 56 117)
4(103 126 145 119)
4(126 74 88 145)
4(74 128 146 88)
4(128 75 89 146)
4(75 130 147 89)
4(130 76 90 147)
4(76 124 148 90)
4(107 136 149 120)
4(120 121 110 107)
4(121 134 135 110)
4(150 94 95 140)
3(95 135 140)
4(134 150 140 135)
4(150 96 97 140)
4(144 97 96 151)
3(31 122 123)
3(31 73 152)
3(122 31 152)
3(73 122 152)
3(102 122 125)
3(122 73 125)
3(141 68 114)
3(99 114 153)
3(114 68 153)
3(68 99 153)
3(109 114 153)
3(99 109 153)
3(109 99 131)
3(79 31 123)
3(72 31 79)
3(68 72 79)
3(31 72 152)
3(72 73 152)
3(70 72 141)
3(72 68 141)
3(125 102 154)
3(122 125 154)
3(103 155 126)
4(154 125 126 155)
3(76 130 124)
4(129 113 124 130)
3(72 127 73)
3(71 127 72)
3(72 70 112)
3(71 72 112)
3(112 69 129)
3(71 112 129)
3(73 127 125)
3(74 126 128)
4(125 127 128 126)
3(75 128 130)
3(71 129 127)
4(127 129 130 128)
3(73 152 125)
3(152 73 127)
3(125 152 127)
3(99 68 156)
3(68 79 156)
3(79 99 156)
3(79 131 99)
3(79 123 157)
3(132 79 157)
3(105 106 131)
3(137 104 131)
3(106 137 131)
3(106 137 133)
3(137 105 133)
3(105 137 106)
3(131 79 132)
3(105 131 132)
3(114 153 115)
3(153 109 115)
4(135 95 115 138)
3(115 109 138)
3(116 142 139)
3(142 115 139)
4(135 140 139 138)
3(115 138 139)
3(131 108 138)
3(109 131 138)
3(106 133 158)
4(106 158 159 107)
3(107 159 136)
4(158 133 136 159)
3(158 106 137)
3(133 158 137)
3(106 158 108)
3(107 110 159)
4(108 158 159 110)
3(108 137 158)
3(108 131 137)
3(160 108 138)
3(108 160 131)
3(131 160 138)
3(110 135 161)
4(160 108 110 161)
4(138 160 161 135)
3(135 140 163)
3(138 162 139)
4(135 163 162 138)
4(163 140 139 162)
3(116 139 143)
3(97 144 140)
4(140 144 143 139)
3(112 55 117)
3(56 112 117)
3(111 117 112)
3(112 70 141)
3(111 112 141)
3(112 56 129)
3(113 129 164)
3(129 56 164)
3(113 129 165)
3(129 164 165)
3(141 114 153)
3(115 141 153)
3(111 141 117)
3(141 85 117)
3(115 142 141)
3(142 85 141)
3(116 118 117)
3(117 85 142)
3(116 117 142)
3(116 143 118)
3(139 143 142)
3(143 116 142)
3(56 117 166)
3(117 118 166)
4(155 126 145 167)
4(126 128 146 145)
4(128 130 147 146)
4(130 124 148 147)
4(107 159 168 120)
4(159 136 149 168)
4(110 159 168 121)
4(161 110 121 169)
4(135 161 169 134)
4(134 170 163 135)
4(170 150 140 163)
4(150 151 144 140)
3(123 31 152)
3(122 123 152)
3(122 152 125)
3(141 68 153)
3(109 153 131)
3(153 99 131)
3(153 68 156)
3(99 153 156)
3(31 152 79)
3(79 152 123)
3(72 152 79)
3(68 72 156)
3(72 79 156)
3(152 72 127)
3(72 141 112)
3(156 68 141)
3(72 156 141)
3(122 154 172)
3(171 122 172)
3(154 171 172)
3(122 125 172)
3(125 154 172)
4(173 125 126 174)
3(126 155 174)
3(125 173 154)
4(154 173 174 155)
3(124 130 175)
4(129 165 175 130)
4(176 125 126 177)
3(126 174 177)
3(125 176 173)
4(173 176 177 174)
3(112 71 127)
3(72 112 127)
3(112 129 127)
3(125 127 176)
3(126 177 128)
4(176 127 128 177)
3(128 179 130)
4(178 129 130 179)
3(127 129 178)
4(127 178 179 128)
3(176 125 152)
3(127 176 152)
3(99 156 131)
3(156 79 131)
3(123 157 180)
3(79 123 180)
3(157 79 180)
3(79 181 132)
3(132 181 157)
3(181 79 157)
3(180 123 182)
3(157 180 182)
3(133 137 183)
3(137 105 183)
3(131 105 137)
3(79 181 131)
3(131 181 132)
3(132 105 184)
3(105 131 184)
3(131 132 184)
3(153 109 138)
3(115 153 138)
3(138 139 142)
3(115 138 142)
3(131 138 153)
3(136 159 185)
4(137 133 136 185)
4(158 137 185 159)
3(108 158 160)
3(110 161 159)
4(160 158 159 161)
3(108 137 160)
3(137 158 160)
3(131 137 160)
3(131 186 138)
3(186 131 160)
3(138 186 160)
3(142 138 162)
3(139 142 162)
3(187 139 143)
3(142 187 143)
3(139 187 142)
3(135 163 161)
3(138 160 162)
4(161 163 162 160)
4(139 187 188 140)
3(139 162 187)
3(140 188 163)
4(187 162 163 188)
3(140 144 188)
4(143 187 188 144)
3(139 162 189)
3(187 139 189)
3(162 187 189)
3(56 112 166)
3(112 117 166)
3(112 141 117)
3(165 129 178)
3(164 165 178)
3(129 164 178)
3(56 164 112)
3(112 164 129)
3(153 115 142)
3(141 153 142)
3(117 141 142)
3(142 116 118)
3(117 142 118)
3(118 142 143)
3(117 118 190)
3(166 117 190)
4(174 126 145 191)
4(155 174 191 167)
4(126 177 192 145)
4(177 128 146 192)
4(128 179 193 146)
4(179 130 147 193)
4(130 175 194 147)
4(174 177 192 191)
4(185 136 149 195)
4(159 185 195 168)
4(161 159 168 169)
4(169 170 163 161)
4(140 188 196 150)
4(188 163 170 196)
4(144 188 196 151)
3(122 180 123)
3(180 122 182)
3(182 122 172)
3(171 182 172)
3(176 125 197)
3(152 176 197)
3(125 152 197)
3(123 152 180)
3(152 122 180)
3(172 122 152)
3(125 172 152)
3(141 156 153)
3(131 153 156)
3(180 79 152)
3(72 127 197)
3(127 152 197)
3(152 72 197)
3(79 156 152)
3(156 72 152)
3(72 156 112)
3(112 156 141)
3(172 154 198)
3(171 172 198)
3(154 173 172)
3(173 154 198)
3(172 173 198)
3(172 125 173)
3(173 197 176)
3(125 197 173)
3(155 199 174)
4(198 173 174 199)
4(201 173 174 203)
3(174 202 203)
4(173 200 202 174)
3(173 201 200)
4(200 201 203 202)
3(130 179 175)
4(178 165 175 179)
3(173 176 201)
3(174 203 177)
4(201 176 177 203)
3(72 112 197)
3(112 127 197)
3(178 112 129)
3(112 178 127)
3(197 127 176)
3(128 177 179)
3(127 178 176)
4(176 178 179 177)
3(201 173 197)
3(176 201 197)
3(165 178 204)
3(178 164 204)
3(112 166 164)
3(131 156 181)
3(156 79 181)
3(205 132 181)
3(157 205 181)
3(181 79 180)
3(157 181 180)
3(157 180 205)
3(180 182 205)
3(184 105 206)
3(105 184 183)
3(183 184 206)
3(132 206 184)
3(181 205 206)
3(132 181 206)
3(136 185 207)
4(137 183 207 185)
3(105 184 137)
3(137 184 183)
3(131 184 137)
3(132 184 181)
3(184 131 181)
3(153 131 186)
3(138 153 186)
3(138 142 153)
3(131 181 153)
3(181 131 186)
3(153 181 186)
3(185 159 161)
4(160 137 185 161)
3(131 137 186)
3(137 160 186)
3(162 138 186)
3(160 162 186)
3(138 186 142)
3(142 186 162)
3(139 142 189)
3(142 162 189)
3(143 208 187)
3(142 208 143)
3(208 142 187)
3(142 189 187)
3(160 209 162)
4(162 209 210 163)
3(161 163 210)
4(209 160 161 210)
3(162 189 209)
3(160 189 162)
3(189 160 209)
3(162 209 187)
3(163 188 210)
4(187 209 210 188)
3(143 187 211)
3(144 212 188)
4(211 187 188 212)
3(187 189 209)
3(187 211 208)
3(117 214 166)
3(117 166 213)
3(166 214 213)
3(214 117 213)
3(166 112 214)
3(112 117 214)
3(117 215 141)
3(215 112 141)
3(112 215 117)
3(178 112 164)
3(141 215 142)
3(215 141 153)
3(142 215 153)
3(142 117 215)
3(190 117 142)
3(118 190 142)
3(118 142 208)
3(213 117 190)
4(199 174 191 216)
4(203 174 191 218)
4(174 202 217 191)
4(202 203 218 217)
4(177 179 193 192)
4(179 175 194 193)
4(203 177 192 218)
4(185 207 219 195)
4(161 185 195 169)
4(163 210 220 170)
4(210 161 169 220)
4(188 210 220 196)
4(212 188 196 221)
3(122 172 180)
3(172 182 180)
3(171 222 172)
3(172 222 182)
3(152 172 180)
3(197 125 172)
3(152 197 172)
3(215 141 156)
3(153 215 156)
3(153 156 181)
3(180 79 156)
3(152 180 156)
3(156 72 197)
3(152 156 197)
3(112 197 156)
3(215 112 156)
3(171 172 223)
3(172 198 223)
3(172 197 173)
3(173 198 224)
3(198 172 224)
3(172 173 224)
3(173 200 198)
3(174 199 202)
4(198 200 202 199)
3(224 173 200)
3(198 224 200)
3(224 173 201)
3(200 224 201)
3(173 197 224)
3(197 201 224)
3(200 201 225)
3(202 226 203)
4(200 225 226 202)
4(225 201 203 226)
3(200 201 227)
3(225 200 227)
3(201 225 227)
3(175 179 228)
4(178 204 228 179)
3(176 229 201)
4(229 176 177 230)
3(177 203 230)
4(201 229 230 203)
3(127 197 178)
3(197 112 178)
3(197 229 201)
3(176 229 197)
3(176 197 178)
3(177 230 179)
4(229 178 179 230)
3(176 178 229)
3(178 231 204)
3(164 231 178)
3(112 214 164)
3(164 214 166)
3(156 180 181)
3(180 205 181)
3(180 182 222)
3(205 180 222)
3(205 233 206)
3(233 205 232)
3(206 233 232)
3(183 184 234)
3(184 206 234)
3(181 205 233)
3(206 181 233)
3(181 206 184)
3(185 235 207)
4(184 183 207 235)
4(137 184 235 185)
3(186 131 184)
3(137 186 184)
3(181 184 186)
3(153 181 236)
3(181 186 236)
3(186 153 236)
3(142 153 186)
3(185 161 237)
4(186 137 185 237)
4(160 186 237 161)
3(162 186 189)
3(186 160 189)
3(189 142 186)
3(208 142 189)
3(187 208 189)
3(161 210 238)
4(189 160 161 238)
4(209 189 238 210)
3(187 209 211)
3(188 212 210)
4(211 209 210 212)
3(189 209 211)
3(187 189 211)
3(187 239 208)
3(239 187 211)
3(240 166 214)
3(213 240 214)
3(214 117 215)
3(117 213 215)
3(213 214 215)
3(214 112 215)
3(164 178 214)
3(178 112 214)
3(153 241 215)
3(142 241 153)
3(241 142 215)
3(190 117 215)
3(142 190 215)
3(142 208 190)
3(190 213 215)
4(199 202 217 216)
4(202 226 242 217)
4(226 203 218 242)
4(177 230 243 192)
4(230 179 193 243)
4(179 228 244 193)
4(203 230 243 218)
4(235 207 219 245)
4(185 235 245 195)
4(237 185 195 246)
4(161 237 246 169)
4(238 161 169 247)
4(210 238 247 220)
4(212 210 220 221)
3(172 223 222)
3(172 222 180)
3(180 152 197)
3(172 180 197)
3(153 241 156)
3(156 241 215)
3(181 153 241)
3(156 181 241)
3(156 197 180)
3(215 112 197)
3(156 215 197)
3(112 197 248)
3(215 112 248)
3(197 215 248)
3(198 223 224)
3(223 172 224)
3(224 172 197)
3(199 249 202)
4(198 224 249 199)
4(224 200 202 249)
3(201 227 224)
3(227 200 224)
3(197 201 227)
3(224 197 227)
3(202 250 226)
4(200 227 250 202)
4(227 225 226 250)
3(201 251 225)
4(251 201 203 252)
3(203 226 252)
4(225 251 252 226)
3(227 201 251)
3(225 227 251)
3(229 201 251)
3(201 229 227)
3(227 229 251)
3(178 204 229)
3(179 230 228)
4(229 204 228 230)
3(203 252 230)
4(251 229 230 252)
3(227 197 229)
3(112 178 248)
3(178 197 248)
3(178 229 197)
3(204 231 229)
3(204 229 251)
3(231 204 251)
3(229 231 251)
3(229 178 231)
3(240 164 214)
3(178 214 231)
3(214 164 231)
3(181 156 253)
3(156 180 253)
3(180 181 253)
3(233 180 205)
3(180 233 181)
3(205 233 222)
3(233 180 222)
3(222 232 233)
3(255 206 254)
3(206 255 234)
3(234 255 254)
3(206 232 255)
3(232 254 255)
3(255 206 233)
3(232 255 233)
3(207 235 256)
4(184 234 256 235)
3(184 206 255)
3(234 184 255)
3(181 255 206)
3(255 181 233)
3(181 255 184)
3(236 153 241)
3(181 236 241)
3(185 237 235)
4(186 184 235 237)
3(181 184 236)
3(184 186 236)
3(142 153 236)
3(186 142 236)
3(236 142 241)
3(161 238 237)
4(189 186 237 238)
3(189 142 257)
3(142 186 257)
3(186 189 257)
3(208 142 257)
3(189 208 257)
3(187 239 189)
3(189 239 208)
3(238 210 212)
4(211 189 238 212)
3(189 211 239)
3(258 213 240)
3(213 258 214)
3(214 258 240)
3(112 248 214)
3(214 248 215)
3(215 213 259)
3(213 214 259)
3(214 215 259)
3(178 248 214)
3(142 215 259)
3(215 241 259)
3(241 142 259)
3(260 142 208)
3(142 260 190)
3(190 215 259)
3(142 190 259)
3(190 213 259)
4(199 249 261 216)
4(249 202 217 261)
4(202 250 262 217)
4(250 226 242 262)
4(252 203 218 263)
4(226 252 263 242)
4(230 228 244 243)
4(252 230 243 263)
4(235 256 264 245)
4(237 235 245 246)
4(238 237 246 247)
4(212 238 247 221)
3(172 265 222)
3(265 172 223)
3(222 265 223)
3(172 265 180)
3(180 265 222)
3(197 172 265)
3(180 197 265)
3(181 241 253)
3(241 156 253)
3(156 248 215)
3(215 248 241)
3(248 156 241)
3(180 253 197)
3(253 156 197)
3(156 248 197)
3(199 266 249)
4(223 224 249 266)
3(265 172 224)
3(223 265 224)
3(197 224 265)
3(202 249 250)
4(224 227 250 249)
3(197 267 224)
3(224 267 227)
3(267 197 227)
3(226 250 252)
4(227 251 252 250)
3(227 229 268)
3(229 251 268)
3(251 227 268)
3(228 230 252)
4(251 204 228 252)
3(269 204 251)
3(231 269 251)
3(197 268 227)
3(268 197 229)
3(248 178 229)
3(197 248 229)
3(231 251 268)
3(229 231 268)
3(270 178 231)
3(178 270 229)
3(229 270 231)
3(178 214 270)
3(214 231 270)
3(214 240 231)
3(181 253 233)
3(253 180 233)
3(222 233 271)
3(180 222 271)
3(233 180 271)
3(222 232 271)
3(232 233 271)
4(234 255 273 256)
3(256 273 272)
4(255 254 272 273)
3(255 232 274)
3(232 254 274)
3(254 255 274)
3(232 274 233)
3(233 274 255)
3(235 273 256)
4(184 255 273 235)
3(184 236 255)
3(236 181 255)
3(181 233 275)
3(233 255 275)
3(255 181 275)
3(181 236 253)
3(236 241 253)
3(253 181 275)
3(181 236 275)
3(236 253 275)
3(208 260 257)
3(260 142 257)
3(235 237 276)
4(236 184 235 276)
4(186 236 276 237)
3(257 142 236)
3(186 257 236)
3(257 142 241)
3(236 257 241)
3(237 238 277)
4(257 186 237 277)
4(189 257 277 238)
3(238 212 278)
4(239 189 238 278)
3(208 257 239)
3(257 189 239)
3(239 260 257)
3(258 213 279)
3(240 258 279)
3(259 213 258)
3(214 259 258)
3(214 270 240)
3(240 270 258)
3(270 214 258)
3(270 178 248)
3(214 270 248)
3(215 259 248)
3(259 214 248)
3(233 275 253)
3(241 259 248)
3(257 142 259)
3(241 257 259)
3(259 142 260)
3(190 259 260)
3(213 259 279)
3(259 190 279)
4(266 249 261 280)
4(249 250 262 261)
4(250 252 263 262)
4(252 228 244 263)
4(256 273 282 264)
4(273 272 281 282)
4(235 273 282 245)
4(276 235 245 283)
4(237 276 283 246)
4(277 237 246 284)
4(238 277 284 247)
4(278 238 247 285)
3(223 286 265)
3(286 222 265)
3(222 271 265)
3(271 180 265)
3(265 180 253)
3(197 265 253)
3(248 156 253)
3(241 248 253)
3(197 253 248)
3(266 287 249)
4(223 265 287 266)
4(265 224 249 287)
3(224 265 267)
3(265 197 267)
3(249 288 250)
4(224 267 288 249)
4(267 227 250 288)
3(267 197 268)
3(227 267 268)
3(250 289 252)
4(227 268 289 250)
4(268 251 252 289)
3(228 252 290)
4(251 269 290 252)
3(251 268 269)
3(268 231 269)
3(229 248 270)
3(268 197 248)
3(229 268 248)
3(197 248 267)
3(248 268 267)
3(268 229 270)
3(231 268 270)
3(231 270 240)
3(271 222 291)
3(232 271 291)
3(222 286 271)
3(271 286 291)
3(232 233 292)
3(271 232 292)
3(233 271 292)
3(253 180 271)
3(233 253 271)
3(274 232 293)
3(254 274 293)
3(293 232 292)
3(232 291 292)
3(291 293 292)
3(292 232 274)
3(233 292 274)
3(274 292 293)
3(272 273 294)
4(274 254 272 294)
4(255 274 294 273)
3(255 275 274)
3(275 233 274)
3(235 276 273)
4(236 255 273 276)
3(236 275 255)
3(241 253 275)
3(236 241 275)
3(257 260 259)
3(237 277 276)
4(257 236 276 277)
3(241 295 257)
3(236 295 241)
3(295 236 257)
3(238 278 277)
4(239 257 277 278)
3(239 296 257)
3(257 296 260)
3(258 259 279)
3(240 258 297)
3(258 279 297)
3(297 240 270)
3(258 297 270)
3(270 214 259)
3(258 270 259)
3(248 259 270)
3(233 298 253)
3(298 233 275)
3(253 298 275)
3(257 259 295)
3(259 241 295)
3(241 299 248)
3(248 299 259)
3(299 241 259)
3(259 260 279)
4(266 287 300 280)
4(287 249 261 300)
4(249 288 301 261)
4(288 250 262 301)
4(250 289 302 262)
4(289 252 263 302)
4(252 290 303 263)
4(294 272 281 304)
4(273 294 304 282)
4(276 273 282 283)
4(277 276 283 284)
4(278 277 284 285)
3(266 305 287)
4(286 265 287 305)
3(265 286 271)
3(253 265 271)
3(197 306 253)
3(306 197 265)
3(253 306 265)
3(241 253 299)
3(275 241 299)
3(253 275 299)
3(248 253 299)
3(197 306 248)
3(248 306 253)
3(249 287 288)
4(265 267 288 287)
3(306 197 267)
3(265 306 267)
3(248 267 306)
3(250 288 289)
4(267 268 289 288)
3(252 289 290)
4(268 269 290 289)
3(231 307 268)
3(268 307 269)
3(248 270 268)
3(248 308 267)
3(267 308 268)
3(308 248 268)
3(268 270 307)
3(270 231 307)
3(297 231 270)
3(310 305 309)
4(271 286 305 310)
4(291 271 310 309)
3(271 291 292)
3(233 253 292)
3(253 271 292)
3(292 233 298)
3(253 292 298)
3(272 294 311)
4(274 293 311 294)
3(309 311 312)
4(292 291 309 312)
4(293 292 312 311)
3(293 274 313)
3(292 293 313)
3(274 292 313)
3(233 298 274)
3(274 298 292)
4(255 275 314 273)
3(273 314 294)
4(275 274 294 314)
3(274 275 298)
3(276 314 273)
4(236 275 314 276)
3(241 275 295)
3(275 236 295)
3(295 241 299)
3(275 295 299)
3(295 257 260)
3(259 295 260)
3(276 277 315)
4(295 236 276 315)
4(257 295 315 277)
3(278 316 277)
4(296 257 277 316)
3(295 257 296)
3(260 295 296)
3(258 259 297)
3(259 279 297)
3(259 297 270)
3(259 270 299)
3(270 248 299)
3(253 317 275)
3(317 253 298)
3(275 317 298)
3(259 299 295)
3(279 259 318)
3(259 260 318)
4(305 287 300 319)
4(287 288 301 300)
4(288 289 302 301)
4(289 290 303 302)
4(310 305 319 321)
4(309 310 321 320)
4(294 311 322 304)
4(312 309 320 323)
4(311 312 323 322)
4(273 314 324 282)
4(314 294 304 324)
4(276 314 324 283)
4(315 276 283 325)
4(277 315 325 284)
4(316 277 284 326)
3(287 305 310)
4(271 265 287 310)
3(265 271 306)
3(271 253 306)
3(275 299 317)
3(299 253 317)
3(253 299 306)
3(299 248 306)
3(287 327 288)
4(265 306 327 287)
4(306 267 288 327)
3(267 306 308)
3(306 248 308)
3(288 328 289)
4(267 308 328 288)
4(308 268 289 328)
3(289 329 290)
4(268 307 329 289)
3(268 308 270)
3(308 248 270)
3(307 268 308)
3(270 307 308)
3(270 297 307)
3(310 309 312)
4(292 271 310 312)
3(292 253 330)
3(253 271 330)
3(271 292 330)
3(298 253 330)
3(292 298 330)
4(313 293 311 331)
3(294 331 311)
4(274 313 331 294)
3(312 311 331)
4(313 292 312 331)
3(313 274 298)
3(292 313 298)
3(317 253 330)
3(298 317 330)
3(294 314 332)
4(298 274 294 332)
4(275 298 332 314)
3(276 315 314)
4(295 275 314 315)
3(299 275 333)
3(295 299 333)
3(275 295 333)
3(260 334 295)
3(259 334 260)
3(334 259 295)
3(277 316 315)
4(296 295 315 316)
3(295 296 334)
3(297 259 318)
3(299 259 297)
3(270 299 297)
3(335 248 299)
3(248 335 270)
3(270 335 299)
3(333 275 317)
3(275 333 298)
3(298 333 317)
3(299 317 333)
3(259 333 295)
3(333 259 299)
3(318 259 334)
4(310 287 300 321)
4(287 327 336 300)
4(327 288 301 336)
4(288 328 337 301)
4(328 289 302 337)
4(289 329 338 302)
4(312 310 321 323)
4(331 311 322 339)
4(294 331 339 304)
4(331 312 323 339)
4(332 294 304 340)
4(314 332 340 324)
4(315 314 324 325)
4(316 315 325 326)
3(287 310 327)
4(271 306 327 310)
3(330 253 306)
3(271 330 306)
3(253 330 299)
3(299 330 317)
3(299 306 330)
3(335 248 306)
3(299 335 306)
3(288 327 328)
4(306 308 328 327)
3(335 248 308)
3(306 335 308)
3(289 328 329)
4(308 307 329 328)
3(270 308 335)
3(270 307 341)
3(307 308 341)
3(308 270 341)
3(270 297 341)
3(310 312 342)
4(330 271 310 342)
4(292 330 342 312)
3(292 298 343)
3(298 330 343)
3(330 292 343)
3(294 332 331)
4(298 313 331 332)
3(292 343 313)
3(312 331 344)
4(343 292 312 344)
4(313 343 344 331)
3(298 343 313)
3(317 330 343)
3(298 317 343)
4(275 333 345 314)
3(314 345 332)
4(333 298 332 345)
3(314 315 345)
4(295 333 345 315)
3(315 316 346)
4(334 295 315 346)
3(334 259 333)
3(295 334 333)
3(299 259 318)
3(297 299 318)
3(270 335 297)
3(297 335 299)
3(298 347 317)
3(347 298 333)
3(317 347 333)
3(299 317 348)
3(333 299 348)
3(317 333 348)
3(333 259 318)
3(299 333 318)
3(318 333 334)
4(310 327 336 321)
4(327 328 337 336)
4(328 329 338 337)
4(342 310 321 349)
4(312 342 349 323)
4(332 331 339 340)
4(344 312 323 350)
4(331 344 350 339)
4(314 345 351 324)
4(345 332 340 351)
4(315 345 351 325)
4(346 315 325 352)
3(310 342 327)
4(330 306 327 342)
3(317 348 330)
3(348 299 330)
3(306 330 335)
3(330 299 335)
3(327 353 328)
4(306 335 353 327)
4(335 308 328 353)
3(329 328 354)
4(308 341 354 328)
3(335 270 341)
3(308 335 341)
3(297 341 335)
3(312 344 342)
4(343 330 342 344)
3(332 344 331)
4(298 343 344 332)
3(330 343 348)
3(343 317 348)
3(343 298 347)
3(317 343 347)
3(332 345 355)
4(347 298 332 355)
4(333 347 355 345)
3(315 346 345)
4(334 333 345 346)
3(299 318 335)
3(318 297 335)
3(299 348 318)
3(318 348 333)
3(348 317 347)
3(333 348 347)
3(333 334 347)
3(334 318 347)
3(318 333 347)
4(342 327 336 349)
4(327 353 356 336)
4(353 328 337 356)
4(328 354 357 337)
4(344 342 349 350)
4(332 344 350 340)
4(355 332 340 358)
4(345 355 358 351)
4(346 345 351 352)
3(327 342 353)
4(330 335 353 342)
3(348 299 335)
3(330 348 335)
3(328 353 354)
4(335 341 354 353)
3(297 359 335)
3(335 359 341)
3(342 344 360)
4(348 330 342 360)
4(343 348 360 344)
3(332 355 344)
4(347 343 344 355)
3(343 347 348)
3(345 346 355)
4(334 347 355 346)
3(318 335 348)
3(318 359 335)
3(334 361 347)
3(361 318 347)
3(347 318 348)
4(342 353 356 349)
4(353 354 357 356)
4(360 342 349 362)
4(344 360 362 350)
4(355 344 350 358)
4(346 355 358 352)
3(342 360 353)
4(348 335 353 360)
3(353 363 354)
4(335 359 363 353)
3(344 355 360)
4(347 348 360 355)
3(346 364 355)
4(361 347 355 364)
3(335 348 359)
3(348 318 359)
3(347 361 348)
3(361 318 348)
4(360 353 356 362)
4(353 363 365 356)
4(355 360 362 358)
4(364 355 358 366)
4(348 359 363 360)
3(353 360 363)
4(361 348 360 364)
3(355 364 360)
3(348 361 359)
3(360 364 363)
4(360 363 365 362)
4(364 360 362 366)
3(0 4 2)
3(2 4 6)
3(0 12 4)
3(4 12 13)
3(2 6 17)
3(4 13 6)
3(0 24 12)
3(12 25 13)
3(13 25 26)
3(2 17 28)
3(6 34 17)
3(6 13 42)
3(46 49 47)
3(13 26 42)
3(26 54 47)
3(0 58 24)
3(12 24 25)
3(25 54 26)
3(46 47 54)
3(59 60 46)
3(17 61 28)
3(47 49 63)
3(60 49 46)
3(17 34 65)
3(6 42 34)
3(17 65 61)
3(34 42 81)
3(26 81 42)
3(26 47 81)
3(63 83 81)
3(47 63 81)
3(24 58 88)
3(24 89 25)
3(25 90 54)
3(59 46 54)
3(28 61 91)
3(61 65 92)
3(63 94 83)
3(49 96 63)
3(60 98 49)
3(34 81 83)
3(34 83 65)
3(65 100 92)
3(65 83 100)
3(83 94 100)
3(58 119 88)
3(24 88 89)
3(25 89 90)
3(59 54 90)
3(61 120 91)
3(61 92 120)
3(92 100 121)
3(63 96 94)
3(49 98 96)
3(94 134 100)
3(88 119 145)
3(88 146 89)
3(89 147 90)
3(59 90 148)
3(91 120 149)
3(92 121 120)
3(100 134 121)
3(94 150 134)
3(94 96 150)
3(98 151 96)
3(119 167 145)
3(88 145 146)
3(89 146 147)
3(90 147 148)
3(120 168 149)
3(120 121 168)
3(121 134 169)
3(134 150 170)
3(96 151 150)
3(145 167 191)
3(145 192 146)
3(146 193 147)
3(148 147 194)
3(145 191 192)
3(149 168 195)
3(121 169 168)
3(134 170 169)
3(150 196 170)
3(150 151 196)
3(167 216 191)
3(191 217 218)
3(146 192 193)
3(147 193 194)
3(191 218 192)
3(149 195 219)
3(168 169 195)
3(169 170 220)
3(170 196 220)
3(151 221 196)
3(191 216 217)
3(217 242 218)
3(192 243 193)
3(194 193 244)
3(192 218 243)
3(195 245 219)
3(169 246 195)
3(169 220 247)
3(196 221 220)
3(216 261 217)
3(217 262 242)
3(218 242 263)
3(193 243 244)
3(218 263 243)
3(219 245 264)
3(195 246 245)
3(169 247 246)
3(220 221 247)
3(216 280 261)
3(217 261 262)
3(242 262 263)
3(244 243 263)
3(264 282 281)
3(245 282 264)
3(245 246 283)
3(246 247 284)
3(221 285 247)
3(261 280 300)
3(261 301 262)
3(262 302 263)
3(244 263 303)
3(281 282 304)
3(245 283 282)
3(246 284 283)
3(247 285 284)
3(280 319 300)
3(261 300 301)
3(262 301 302)
3(263 302 303)
3(319 320 321)
3(281 304 322)
3(320 322 323)
3(282 324 304)
3(282 283 324)
3(283 284 325)
3(284 285 326)
3(300 319 321)
3(300 336 301)
3(301 337 302)
3(302 338 303)
3(320 323 321)
3(304 339 322)
3(322 339 323)
3(304 324 340)
3(283 325 324)
3(284 326 325)
3(300 321 336)
3(301 336 337)
3(302 337 338)
3(321 323 349)
3(304 340 339)
3(323 339 350)
3(324 351 340)
3(324 325 351)
3(325 326 352)
3(321 349 336)
3(336 356 337)
3(337 357 338)
3(323 350 349)
3(339 340 350)
3(340 351 358)
3(325 352 351)
3(336 349 356)
3(337 356 357)
3(349 350 362)
3(340 358 350)
3(351 352 358)
3(349 362 356)
3(356 365 357)
3(350 358 362)
3(352 366 358)
3(356 362 365)
3(358 366 362)
3(362 366 365)
4(0 2 3 1)
4(1 3 15 8)
4(2 28 29 3)
3(30 8 15)
4(44 1 8 32)
4(3 29 45 15)
4(58 0 1 44)
3(32 8 30)
3(67 15 45)
3(45 78 67)
4(29 80 78 45)
4(28 91 80 29)
3(15 67 30)
4(32 102 103 44)
3(105 67 78)
4(44 103 119 58)
3(32 30 122)
3(102 32 122)
3(123 30 67)
3(123 67 132)
3(78 133 105)
3(132 67 105)
4(133 78 80 136)
4(136 80 91 149)
3(122 30 123)
3(102 122 154)
4(102 154 155 103)
3(123 132 157)
4(103 155 167 119)
3(122 171 154)
3(123 157 182)
3(105 133 183)
3(122 123 182)
3(122 182 171)
3(154 171 198)
4(154 198 199 155)
3(132 205 157)
3(182 157 205)
3(105 183 206)
3(105 206 132)
3(205 132 206)
4(183 133 136 207)
4(155 199 216 167)
4(207 136 149 219)
3(222 171 182)
3(198 171 223)
3(182 205 222)
3(205 206 232)
3(206 183 234)
3(223 171 222)
3(205 232 222)
3(206 234 254)
3(206 254 232)
4(234 183 207 256)
4(256 207 219 264)
4(198 223 266 199)
4(254 234 256 272)
4(199 266 280 216)
4(272 256 264 281)
3(222 286 223)
3(222 232 291)
3(286 222 291)
3(232 254 293)
3(232 293 291)
4(223 286 305 266)
4(286 291 309 305)
4(293 254 272 311)
4(291 293 311 309)
4(266 305 319 280)
4(305 309 320 319)
4(311 272 281 322)
4(309 311 322 320)
4(37 36 40 39)
3(36 37 56)
4(39 40 60 59)
4(36 86 87 40)
4(40 87 98 60)
3(37 113 56)
3(86 36 118)
3(36 56 118)
4(113 37 39 124)
4(86 143 144 87)
4(124 39 59 148)
4(87 144 151 98)
3(56 113 164)
3(164 113 165)
3(143 86 118)
3(118 56 166)
4(165 113 124 175)
3(118 166 190)
4(175 124 148 194)
3(164 165 204)
3(166 56 164)
4(143 211 212 144)
3(211 143 208)
3(143 118 208)
3(166 213 190)
4(144 212 221 151)
4(204 165 175 228)
3(231 164 204)
3(208 239 211)
3(166 240 213)
3(208 118 190)
4(228 175 194 244)
3(164 240 166)
3(190 260 208)
3(204 269 231)
3(240 164 231)
4(211 239 278 212)
3(208 260 239)
3(213 240 279)
3(190 213 279)
4(212 278 285 221)
4(269 204 228 290)
3(296 239 260)
3(279 240 297)
3(260 190 279)
4(290 228 244 303)
3(307 231 269)
3(231 297 240)
4(239 296 316 278)
3(260 279 318)
4(278 316 326 285)
4(307 269 290 329)
3(297 231 307)
3(296 260 334)
3(279 297 318)
3(260 318 334)
4(329 290 303 338)
3(297 307 341)
4(296 334 346 316)
4(316 346 352 326)
4(341 307 329 354)
4(354 329 338 357)
3(359 297 341)
3(297 359 318)
3(318 361 334)
4(359 341 354 363)
4(334 361 364 346)
4(363 354 357 365)
4(346 364 366 352)
3(361 318 359)
4(361 359 363 364)
4(364 363 365 366)
)

// ************************************************************************* //
