/*--------------------------------*- C++ -*----------------------------------*\
| =========                 |                                                 |
| \\      /  F ield         | OpenFOAM: The Open Source CFD Toolbox           |
|  \\    /   O peration     | Version:                                        |
|   \\  /    A nd           | Website:  www.openfoam.com                      |
|    \\/     M anipulation  |                                                 |
\*---------------------------------------------------------------------------*/
FoamFile
{
    version     2.0;
    format      ascii;
    class       labelList;
    location    "constant/polyMesh";
    object      neighbour;
}
// * * * * * * * * * * * * * * * * * * * * * * * * * * * * * * * * * * * * * //


1691
(
1
3
5
7
9
10
3
5
6
8
12
4
14
8
10
15
9
18
11
12
20
17
21
22
11
13
25
19
21
25
24
25
26
27
14
28
29
15
27
29
32
39
40
16
40
32
33
41
30
44
47
50
50
51
52
28
47
53
30
51
55
48
54
55
37
38
43
56
33
54
58
26
58
52
60
29
59
39
63
40
64
49
67
42
45
46
71
34
61
74
73
74
41
62
65
76
41
42
75
76
42
56
71
76
77
79
84
46
71
83
84
85
86
87
88
46
88
66
67
89
81
82
92
93
94
66
96
97
100
101
94
102
100
103
53
104
94
105
72
106
97
103
106
57
88
107
77
79
107
74
106
108
61
64
110
104
108
110
109
111
65
78
111
85
105
112
113
86
113
114
87
107
114
90
116
70
115
116
69
70
120
101
115
121
89
123
82
126
73
95
127
75
128
109
128
81
129
78
129
78
130
131
130
132
81
91
95
133
134
134
137
138
93
139
140
126
141
142
143
143
144
144
145
145
146
98
117
147
122
135
149
138
149
150
150
151
96
154
99
155
116
119
155
99
148
156
122
157
102
158
115
158
159
119
160
160
161
152
161
127
162
145
163
162
164
164
165
164
166
114
167
142
153
168
143
166
169
144
170
172
117
172
124
156
171
119
158
172
173
173
121
175
178
179
180
181
124
146
175
182
147
176
183
148
156
183
185
186
130
188
128
154
189
129
190
134
191
192
167
191
192
163
193
134
135
154
195
194
136
181
196
138
149
187
197
188
194
198
140
198
141
199
150
199
200
201
202
203
204
205
147
206
207
207
208
210
211
152
212
153
213
214
155
215
157
216
157
218
181
217
219
212
219
162
220
166
221
222
205
225
227
167
190
227
226
228
202
214
224
229
203
226
229
230
204
225
228
230
176
218
233
233
220
232
179
219
234
177
235
235
236
182
237
233
235
238
238
208
209
240
239
240
206
244
184
207
246
236
247
248
218
243
248
208
240
243
250
210
241
242
252
201
253
215
222
255
191
255
254
253
256
225
256
257
254
260
196
215
260
259
261
241
261
263
262
263
262
264
211
252
264
262
266
267
268
268
269
269
270
270
271
272
273
210
242
274
275
275
276
221
276
277
223
277
278
217
278
280
239
279
279
281
282
283
282
284
285
286
224
288
267
289
270
290
284
292
285
292
256
293
231
268
294
269
293
295
277
284
296
280
283
297
297
298
299
302
248
302
245
301
302
303
304
259
305
242
305
265
306
251
306
249
307
245
246
271
308
247
308
247
272
309
310
311
250
311
312
273
309
315
274
313
315
316
265
275
317
254
319
320
285
320
322
258
322
290
321
278
323
320
324
323
324
325
324
325
326
314
326
319
327
328
329
330
331
272
333
334
334
335
335
336
337
281
341
342
343
307
344
343
344
282
345
347
286
347
346
348
343
348
288
339
349
342
351
291
328
351
353
331
355
294
332
352
356
293
357
358
296
329
360
330
355
358
360
340
359
344
364
300
345
366
303
365
366
338
367
371
372
373
364
374
369
373
374
307
376
313
376
375
333
371
378
310
334
378
311
378
379
375
379
380
381
382
317
383
384
335
380
385
317
318
336
387
337
388
382
384
389
363
392
393
355
362
394
363
394
376
395
396
326
397
398
397
399
332
400
332
402
402
403
403
404
405
406
406
407
337
408
409
341
410
410
411
352
359
413
345
412
412
413
414
415
416
357
359
417
416
417
418
419
350
420
351
353
422
421
361
421
400
423
356
401
423
425
427
403
429
361
404
430
418
431
394
431
433
402
433
434
426
432
429
435
436
415
437
370
438
437
438
438
439
369
372
441
443
442
443
405
444
373
444
445
443
446
377
448
448
415
446
447
406
449
445
449
381
450
448
451
384
451
390
398
452
452
386
387
407
453
389
450
453
389
408
454
390
409
454
455
456
392
399
457
458
436
459
396
419
459
460
396
414
461
462
462
463
463
464
465
404
465
466
467
468
469
470
471
408
472
473
473
412
475
474
475
476
421
476
419
477
478
437
479
418
479
480
480
474
482
483
424
482
483
424
465
484
425
484
426
485
483
486
428
466
487
488
485
487
489
468
491
432
434
469
492
433
494
493
495
495
467
491
495
497
499
460
498
500
501
475
502
442
503
506
507
508
501
509
510
470
507
512
446
512
513
511
513
514
514
471
512
516
451
516
517
518
519
472
516
520
455
473
520
520
521
519
521
498
522
459
464
524
523
499
525
477
515
526
464
528
527
529
530
531
532
469
533
533
534
535
536
536
537
537
538
538
539
540
479
541
478
543
511
542
544
481
545
494
523
545
546
547
548
530
546
549
486
549
493
550
531
549
551
489
492
532
551
490
551
492
493
552
497
533
553
534
553
555
525
556
556
497
553
554
557
558
560
559
560
542
544
561
502
561
503
562
563
505
508
564
506
565
509
566
535
567
510
567
510
569
568
515
570
536
573
568
573
515
574
575
537
576
518
574
576
572
578
521
578
538
577
577
580
581
582
525
584
529
581
584
583
528
586
587
572
588
529
588
589
590
591
591
592
534
592
593
593
595
596
597
598
540
547
599
541
600
548
601
570
602
545
586
602
601
603
603
590
604
548
604
605
591
606
605
606
607
592
608
555
557
608
593
609
609
610
607
612
611
612
610
614
559
611
614
583
615
615
585
619
563
600
619
616
618
567
594
624
566
620
624
622
625
595
626
626
627
585
625
627
571
628
585
627
628
579
629
596
626
630
575
630
587
631
597
630
632
598
632
579
632
633
634
635
634
637
615
636
637
611
638
586
638
639
641
629
640
629
642
634
642
643
644
645
646
595
647
648
648
649
649
650
650
651
652
652
653
653
654
603
656
657
643
651
658
658
659
644
658
661
613
661
645
661
662
646
662
662
663
664
613
664
660
665
664
666
667
617
669
652
668
622
669
670
653
670
623
672
623
669
673
623
675
674
647
672
676
676
677
648
678
678
655
679
681
649
682
640
679
682
650
683
683
684
685
636
685
667
686
638
686
687
671
677
688
681
689
656
687
689
690
691
692
692
693
693
694
694
696
698
699
700
701
691
702
702
703
657
659
703
656
680
704
705
660
705
692
706
660
706
707
693
708
694
709
666
709
710
707
708
710
711
712
712
695
702
713
713
671
714
675
715
696
716
697
713
717
716
717
718
677
718
678
698
720
720
699
721
680
721
689
722
684
723
700
721
724
701
724
724
725
686
726
727
727
728
704
719
729
731
726
732
733
734
735
736
733
737
738
737
739
699
740
741
741
742
742
733
743
743
744
730
745
746
747
734
743
748
748
749
735
748
750
736
750
711
751
750
752
753
737
754
715
744
754
719
755
717
738
756
739
757
756
758
745
759
740
756
760
741
761
730
731
761
725
732
763
742
762
762
764
764
765
747
751
765
730
760
766
767
763
768
769
770
770
771
771
772
772
773
739
774
775
774
776
777
778
770
779
746
779
746
780
781
749
781
771
782
751
782
772
783
784
753
783
784
785
773
779
786
758
759
786
774
787
758
775
786
787
787
788
789
761
776
790
777
791
778
791
769
791
768
792
785
792
789
790
794
780
793
794
769
793
795
796
797
798
796
799
800
799
800
777
801
802
802
796
803
788
804
803
804
797
803
805
798
805
785
805
806
799
807
800
808
807
809
808
809
801
808
810
802
810
811
812
811
814
809
814
810
813
814
815
815
816
816
817
818
818
819
819
815
820
811
820
816
821
812
821
817
820
822
818
822
822
819
823
824
824
823
825
825
826
827
826
828
828
829
826
830
827
830
828
831
829
831
830
832
831
832
834
834
835
835
833
834
833
835
833
836
836
836
)

// ************************************************************************* //
