/*--------------------------------*- C++ -*----------------------------------*\
| =========                 |                                                 |
| \\      /  F ield         | OpenFOAM: The Open Source CFD Toolbox           |
|  \\    /   O peration     | Version:                                        |
|   \\  /    A nd           | Website:  www.openfoam.com                      |
|    \\/     M anipulation  |                                                 |
\*---------------------------------------------------------------------------*/
FoamFile
{
    version     2.0;
    format      ascii;
    class       vectorField;
    location    "constant/polyMesh";
    object      points;
}
// * * * * * * * * * * * * * * * * * * * * * * * * * * * * * * * * * * * * * //

367
(
(1 1 1)
(0.9666699997073456 0.9666699997073456 1)
(0.75 1 1)
(0.7378271361888765 0.9666700005531311 1)
(0.875 1 0.875)
(0.8603628083304748 0.9666700005531311 0.875)
(0.75 1 0.75)
(0.7449768760804309 0.9666700005531311 0.75)
(0.9166749992683638 0.9166749992683638 1)
(0.9166749992683638 0.9166749992683638 0.75)
(0.838407020826187 0.9166750013828278 0.875)
(0.9666699997073456 0.9666699997073456 0.75)
(1 1 0.75)
(0.875 1 0.625)
(0.8630412254365751 0.9666700005531311 0.625)
(0.7195678404721914 0.9166750013828278 1)
(0.9166750013828278 0.7796860369646655 0.75)
(0.625 1 0.875)
(0.6228092376248003 0.9666700005531311 0.875)
(0.8451030635914378 0.9166750013828278 0.625)
(0.7374421902010775 0.9166750013828278 0.75)
(0.9666700005531311 0.802064561051687 0.75)
(0.9166749992683638 0.9166749992683638 0.5)
(0.9666699997073456 0.9666699997073456 0.5)
(1 0.8169835771097013 0.75)
(1 1 0.5)
(0.875 1 0.375)
(0.8640012807845657 0.9666700005531311 0.375)
(0.5 1 1)
(0.5 0.9666700005531311 1)
(0.7450044605289007 0.7450044605289007 1)
(0.704106011167193 0.7647518403236189 0.8452711071992999)
(0.9166750013828278 0.7195678404721914 1)
(0.6195230940620008 0.9166750013828278 0.875)
(0.625 1 0.625)
(0.6239089187698895 0.9666700005531311 0.625)
(0.7195678404721914 0.9166750013828278 0)
(0.9166749992683638 0.9166749992683638 0)
(0.8400481012261621 0.9166750013828278 0.125)
(0.9666699997073456 0.9666699997073456 0)
(0.7378271361888765 0.9666700005531311 0)
(0.8610192404904649 0.9666700005531311 0.125)
(0.75 1 0.5)
(0.7462845535846705 0.9666700005531311 0.5)
(0.9666700005531311 0.7378271361888765 1)
(0.5 0.9166750013828278 1)
(0.875 1 0.125)
(0.75 1 0.25)
(0.7434483000801912 0.9666700005531311 0.25)
(0.625 1 0.125)
(0.6213444633746734 0.9666700005531311 0.125)
(0.8475032019614144 0.9166750013828278 0.375)
(0.9166749992683638 0.9166749992683638 0.25)
(0.9666699997073456 0.9666699997073456 0.25)
(1 1 0.25)
(0.733620750200478 0.9166750013828278 0.25)
(0.7450044605289007 0.7450044605289007 0)
(0.6158611584366834 0.9166750013828278 0.125)
(1 0.75 1)
(1 1 0)
(0.75 1 0)
(0.375 1 0.875)
(0.3781449623758661 0.9666700005531311 0.875)
(0.5 1 0.25)
(0.4993318089305931 0.9666700005531311 0.25)
(0.5 1 0.75)
(0.5004088762958118 0.9666700005531311 0.75)
(0.5 0.7559646767825042 1)
(0.6222722969247239 0.9166750013828278 0.625)
(0.9166750013828278 0.7783504781687471 0.25)
(0.7407113839616761 0.9166750013828278 0.5)
(0.9166750013828278 0.7482095045617289 0.5)
(0.7332448054749192 0.7163000281964619 0.6159771562572155)
(0.9166750013828278 0.6133902985476036 0.7506205727060966)
(0.9666700005531311 0.6192390885480675 0.7506205727060966)
(0.9666700005531311 0.7604102639032116 0.5)
(0.9666700005531311 0.800830160055148 0.25)
(0.3828624059396654 0.9166750013828278 0.875)
(0.2804321595278086 0.9166750013828278 1)
(0.5114357873102643 0.7232072234261643 0.8259999759236386)
(0.2621728638111235 0.9666700005531311 1)
(0.625 1 0.375)
(0.6229845656026064 0.9666700005531311 0.375)
(0.5 1 0.5)
(0.5000190235985285 0.9666700005531311 0.5)
(0.4983295223264827 0.9166750013828278 0.25)
(0.5 0.9166750013828278 0)
(0.5 0.9666700005531311 0)
(1 0.6231382818817101 0.7506205727060966)
(1 0.7685441034642002 0.5)
(1 0.8158166146460818 0.25)
(0.25 1 1)
(0.25 1 0.75)
(0.2538039265336345 0.9666700005531311 0.75)
(0.375 1 0.375)
(0.3764694090640691 0.9666700005531311 0.375)
(0.375 1 0.125)
(0.3772007122590435 0.9666700005531311 0.125)
(0.5 1 0)
(0.5010221907395294 0.9166750013828278 0.75)
(0.375 1 0.625)
(0.3770286512206832 0.9666700005531311 0.625)
(0.9166750013828278 0.5 1)
(0.9666700005531311 0.5 1)
(0.2595098163340862 0.9166750013828278 0.75)
(0.2549743455357198 0.7450256544642802 1)
(0.1563675056608491 0.9166750013828278 0.875)
(0.1375470022643396 0.9666700005531311 0.875)
(0.1527656523847908 0.9166750013828278 0.625)
(0.380071628051708 0.9166750013828278 0.625)
(0.1361062609539163 0.9666700005531311 0.625)
(0.6199614140065161 0.9166750013828278 0.375)
(0.7236533707693715 0.6385250404370251 0.3243018890957365)
(0.9166750013828278 0.7195678404721914 0)
(0.500047558996321 0.9166750013828278 0.5)
(0.3786735226601727 0.9166750013828278 0.375)
(0.3805017806476088 0.9166750013828278 0.125)
(0.5828272347178565 0.7656270027771843 0.2155446028015992)
(0.5 0.7559646767825042 0)
(1 0.5 1)
(0.125 1 0.875)
(0.125 1 0.625)
(0.7566416513951008 0.5 1)
(0.625 0.625 1)
(0.9666700005531311 0.7378271361888765 0)
(0.9166750013828278 0.4300423118915556 0.7851277461321464)
(0.9666700005531311 0.4259078673496949 0.7851277461321464)
(0.9166750013828278 0.5617377355290747 0.5048324906431646)
(0.9666700005531311 0.5629199678081046 0.5048324906431646)
(0.9166750013828278 0.606577134721465 0.2424925300696999)
(0.9666700005531311 0.6124897360769097 0.2424925300696999)
(0.2825876644184698 0.7698171941282388 0.7161229285561693)
(0.375 0.625 1)
(0.08332500073163612 0.9166749992683638 1)
(0.25 1 0.5)
(0.2564806356776976 0.9666700005531311 0.5)
(0.03333000029265445 0.9666699997073456 1)
(0.08332499861717224 0.7796860369646655 0.75)
(0.2662015891942441 0.9166750013828278 0.5)
(0.2637491778765138 0.9166750013828278 0.25)
(0.2554996711506055 0.9666700005531311 0.25)
(0.5624637592699973 0.760917996765038 0.4397427289651173)
(0.3502716147343364 0.763266396069216 0.243580431531724)
(0.2804321595278086 0.9166750013828278 0)
(0.2621728638111235 0.9666700005531311 0)
(1 0.4231515709884544 0.7851277461321464)
(1 0.5637081226607912 0.5048324906431646)
(1 0.6164314703138729 0.2424925300696999)
(1 0.75 0)
(0 1 1)
(0.25 1 0.25)
(0.25 1 0)
(0.7032898953215124 0.5838160344248787 0.7485000152592547)
(0.3900372325815607 0.7633915219580676 0.5366634113589892)
(0.9166750013828278 0.2804321595278086 1)
(0.9666700005531311 0.2621728638111235 1)
(0.5165364281467887 0.6196098292816734 0.5991769050671594)
(0.5 0.5 1)
(0.08332500073163612 0.9166749992683638 0.75)
(0.03333000029265445 0.9666699997073456 0.75)
(0.08332500073163612 0.9166749992683638 0.5)
(0.03333000029265445 0.9666699997073456 0.5)
(0.1583303947493581 0.9166750013828278 0.375)
(0.1383321578997432 0.9666700005531311 0.375)
(0.7566416513951006 0.5 0)
(0.9166750013828278 0.5 0)
(0.625 0.625 0)
(1 0.25 1)
(0 1 0.75)
(0 1 0.5)
(0.125 1 0.375)
(0.7450044605289008 0.2549955394710992 1)
(0.7339182714316232 0.2816064943388165 0.8160161137730033)
(0.9166750013828278 0.2446662291227691 0.7524946842417618)
(0.9666700005531311 0.2271731885969336 0.7524946842417618)
(0.9666700005531311 0.5 0)
(0.9166750013828278 0.3848688018892011 0.5270826032433783)
(0.9666700005531311 0.3786789567561506 0.5270826032433783)
(0.9166750013828278 0.4182341948476264 0.2631931362575486)
(0.9666700005531311 0.4145454785963215 0.2631931362575486)
(0.5943266090884121 0.408478041932432 0.8066438795129246)
(0.3174077578051088 0.5995 0.7099765007477035)
(0.625 0.375 1)
(0.08332499861717224 0.7195678404721914 1)
(0.08332499861717226 0.6133902985476036 0.7506205727060966)
(0.0333299994468689 0.802064561051687 0.75)
(0.08332499861717224 0.7482095045617289 0.5)
(0.1621323113264471 0.9166750013828278 0.125)
(0.1398529245305788 0.9666700005531311 0.125)
(0.08332499861717226 0.7783504781687471 0.25)
(0.375 0.625 0)
(1 0.2155111615797099 0.7524946842417618)
(1 0.3745523933341169 0.5270826032433783)
(1 0.412086334428785 0.2631931362575486)
(1 0.5 0)
(0 0.8169835771097013 0.75)
(0.125 1 0.125)
(0.6863439481222737 0.3733336352352761 0.5339206236998038)
(0.9166749992683638 0.08332500073163612 1)
(0.9666699997073456 0.03333000029265445 1)
(0.9166749992683638 0.08332500073163612 0.75)
(0.9166750013828278 0.2211222331088015 0.5086217745263631)
(0.9666699997073456 0.03333000029265445 0.75)
(0.9666700005531311 0.1997534406353804 0.5086217745263631)
(0.9166750013828278 0.2804321595278086 0)
(0.375 0.375 1)
(0.2439869779257531 0.5 1)
(0.0333299994468689 0.7378271361888765 1)
(0.2549743455357198 0.7450256544642802 0)
(0.08332500073163612 0.9166749992683638 0.25)
(0.03333000029265445 0.9666699997073456 0.25)
(0.08332500073163612 0.9166749992683638 0)
(0.03333000029265445 0.9666699997073456 0)
(0.5 0.5 0)
(0.6228690117603587 0.4674500228517099 0.1814699508468109)
(0.5363856929227576 0.5594210638752404 0.3008423108615375)
(1 0 1)
(1 0 0.75)
(1 0.1855075789864329 0.5086217745263631)
(0 0.75 1)
(0 1 0.25)
(0 1 0)
(0.5 0.2440353232174957 1)
(0.7195678404721914 0.08332499861717224 1)
(0.7755450389502215 0.08332499861717224 0.7526551145043534)
(0.9166749992683638 0.08332500073163612 0.5)
(0.9666699997073456 0.03333000029265445 0.5)
(0.7779661187854227 0.08332499861717224 0.5)
(0.9666700005531311 0.2621728638111235 0)
(0.9166750013828278 0.2356461816136563 0.2722056052643705)
(0.9666700005531311 0.2210592176770266 0.2722056052643705)
(0.7450044605289008 0.2549955394710992 0)
(0.2549743455357197 0.2549743455357197 1)
(0.299 0.3604358043153173 0.7558641315958128)
(0.08332499861717224 0.5 1)
(0.0333299994468689 0.6192390885480675 0.7506205727060966)
(0.08332499861717223 0.5617377355290747 0.5048324906431646)
(0.0333299994468689 0.7604102639032116 0.5)
(0.0333299994468689 0.800830160055148 0.25)
(0.08332499861717224 0.7195678404721914 0)
(0.625 0.375 0)
(0.3353831598864712 0.4566820276497696 0.3580431531723991)
(1 0 0.5)
(1 0.2113345750526068 0.2722056052643705)
(1 0.25 0)
(0 0.6231382818817101 0.7506205727060966)
(0 0.7685441034642002 0.5)
(0 0.8158166146460818 0.25)
(0.5729249739857489 0.3282079455586828 0.3488453933633185)
(0.7940073646463871 0.0333299994468689 0.7526551145043534)
(0.8000222845831712 0.0333299994468689 0.5)
(0.9166749992683638 0.08332500073163612 0.25)
(0.9666699997073456 0.03333000029265445 0.25)
(0.3441663869136632 0.3813867610705893 0.558851893673513)
(0.08332499861717224 0.2804321595278086 1)
(0.08332499861717224 0.4300423118915556 0.7851277461321464)
(0.0333299994468689 0.5 1)
(0.08332499861717224 0.606577134721465 0.2424925300696999)
(0.5122059996664198 0.3903373840634649 0.08385080699328126)
(0.3478360184809169 0.4214500254988647 0.1593394705401784)
(0.2439869779257531 0.5 0)
(0.8063155817771642 0 0.7526551145043534)
(0.8147263951150034 0 0.5)
(1 0 0.25)
(0 0.5 1)
(0.588451144374076 0.08332499861717223 0.7530931851578138)
(0.7378271361888765 0.0333299994468689 1)
(0.6174111041994896 0.08332499861717224 0.5)
(0.7540328189139747 0.08332499861717226 0.2473626241811284)
(0.9166749992683638 0.08332500073163612 0)
(0.5923696112400494 0.2645469205682416 0.1502645009929641)
(0.3913149845939257 0.08332499861717224 0.7544929038414565)
(0.0333299994468689 0.2621728638111235 1)
(0.0333299994468689 0.4259078673496949 0.7851277461321464)
(0.08332499861717224 0.2446662291227691 0.7524946842417618)
(0.08332499861717223 0.3848688018892011 0.5270826032433783)
(0.0333299994468689 0.5629199678081046 0.5048324906431646)
(0.0333299994468689 0.6124897360769097 0.2424925300696999)
(0.0333299994468689 0.7378271361888765 0)
(0.375 0.375 0)
(0.75 0 1)
(0 0.25 1)
(0 0.4231515709884544 0.7851277461321464)
(0 0.5637081226607912 0.5048324906431646)
(0 0.6164314703138729 0.2424925300696999)
(0 0.75 0)
(0.5 0.08332499861717224 1)
(0.5927904021838105 0.0333299994468689 0.7530931851578138)
(0.624017842781238 0.0333299994468689 0.5)
(0.7717477498704974 0.0333299994468689 0.2473626241811284)
(0.9666699997073456 0.03333000029265445 0)
(0.2804321595278086 0.08332499861717224 1)
(0.2211869244922705 0.08332499861717223 0.75)
(0.08332500073163612 0.08332500073163612 1)
(0.0333299994468689 0.2271731885969336 0.7524946842417618)
(0.08332499861717224 0.4182341948476264 0.2631931362575486)
(0.08332499861717224 0.5 0)
(0.5 0.2440353232174957 0)
(0.08332499861717224 0.2211222331088015 0.5086217745263631)
(0.3189433944763649 0.2721937774919594 0.3049522261263968)
(0.5956832407236335 0 0.7530931851578138)
(0.6284223351690702 0 0.5)
(0.7835577038415127 0 0.2473626241811284)
(1 0 0)
(0 0.2155111615797099 0.7524946842417618)
(0.5 0.0333299994468689 1)
(0.4401173445991284 0.08332499861717224 0.5013351732428691)
(0.7195678404721914 0.08332499861717224 0)
(0.5686570723847925 0.08332499861717224 0.2464515530798276)
(0.2621728638111235 0.0333299994468689 1)
(0.3854185763448627 0.0333299994468689 0.7544929038414565)
(0.03333000029265445 0.03333000029265445 1)
(0.1987339142179465 0.0333299994468689 0.75)
(0.08332500073163612 0.08332500073163612 0.75)
(0.0333299994468689 0.3786789567561506 0.5270826032433783)
(0.0333299994468689 0.4145454785963215 0.2631931362575486)
(0.0333299994468689 0.5 0)
(0.1918995108432237 0.1985118307669938 0.3798940585822226)
(0.2549743455357197 0.2549743455357197 0)
(0.5 0 1)
(0.25 0 1)
(0.381487637512154 0 0.7544929038414565)
(0 0 1)
(0.1837652407017306 0 0.75)
(0 0.3745523933341169 0.5270826032433783)
(0 0.412086334428785 0.2631931362575486)
(0 0.5 0)
(0.4390476278057273 0.0333299994468689 0.5013351732428691)
(0.5727378171275193 0.0333299994468689 0.2464515530798276)
(0.7378271361888765 0.0333299994468689 0)
(0.2520123610231861 0.08332499861717226 0.5)
(0.03333000029265445 0.03333000029265445 0.75)
(0.0333299994468689 0.1997534406353804 0.5086217745263631)
(0.08332499861717224 0.2356461816136563 0.2722056052643705)
(0.08332499861717224 0.2804321595278086 0)
(0.3830198723526521 0.08332499861717224 0.2462835332180546)
(0.4383344832767933 0 0.5013351732428691)
(0.5754583136226704 0 0.2464515530798276)
(0.75 0 0)
(0 0 0.75)
(0 0.1855075789864329 0.5086217745263631)
(0.5 0.08332499861717224 0)
(0.2398202678551215 0.0333299994468689 0.5)
(0.08332500073163612 0.08332500073163612 0.5)
(0.03333000029265445 0.03333000029265445 0.5)
(0.0333299994468689 0.2210592176770266 0.2722056052643705)
(0.0333299994468689 0.2621728638111235 0)
(0.08332500073163612 0.08332500073163612 0.25)
(0.2199811411161356 0.08332499861717224 0.25)
(0.2316922057430784 0 0.5)
(0 0 0.5)
(0 0.2113345750526068 0.2722056052643705)
(0 0.25 0)
(0.3770930089064772 0.0333299994468689 0.2462835332180546)
(0.5 0.0333299994468689 0)
(0.03333000029265445 0.03333000029265445 0.25)
(0.3731417666090273 0 0.2462835332180546)
(0.5 0 0)
(0 0 0.25)
(0.2804321595278086 0.08332499861717224 0)
(0.1976646501289909 0.0333299994468689 0.25)
(0.08332500073163612 0.08332500073163612 0)
(0.1827869894708944 0 0.25)
(0.2621728638111235 0.0333299994468689 0)
(0.03333000029265445 0.03333000029265445 0)
(0.25 0 0)
(0 0 0)
)

// ************************************************************************* //
